166
10
200
30
30
5
10
15
20
35
28
60
146
150
15
50
14
15
15
20
35
10
27
40
90
17
20
5
180
20
30
4
9
10
35
6
47
5
3
30
5
6
38
5
10
200
3
10
30
166
70
32
15
15
25
120
50
10
15
10
5
100
20
21
5
10
10
10
4
12
30
20
10
50
20
15
50
9
9
9
5
7
100
7
5
14
13
10
43
25
15
15
15
15
20
8
3
20
9
5
14
20
12
3
13
10
9
10
3
3
5
30
5
4
3
10
35
4
8
5
2
20
15
10
8
11
2
25
10
3
6
100
4
3
5
80
20
5
30
5
2
20
5
5
9
4
20
3
4
10
2
3
4
5
18
8
5
8
4
3
123
28
5
15
2
5
8
8
2
15
10
6
4
10
7
8
20
3
7
5
11
10
10
13
5
5
3
15
3
4
3
7
5
1
10
5
10
5
30
30
50
2
166
5
20
15
2
50
15
1
8
3
3
20
5
5
8
5
4
5
20
5
7
2
10
3
3
3
4
15
8
3
3
7
5
10
10
4
5
6
1
5
10
5
5
5
6
4
30
20
8
2
1
6
5
6
20
9
2
18
3
3
4
2
11
7
1
2
25
5
6
9
8
8
5
3
3
2
7
3
10
50
5
10
5
2
3
10
4
5
8
3
5
3
50
10
5
5
8
10
15
5
10
166
3
10
6
2
3
20
7
6
1
20
5
30
8
10
10
1
1
5
12
8
8
5
1
2
7
4
5
2
1
20
8
2
5
80
3
30
5
9
21
3
3
3
3
20
10
9
8
2
14
14
14
8
10
5
10
5
20
5
5
3
3
5
20
30
26
25
3
2
9
4
20
8
4
5
10
7
11
10
9
4
10
2
1
2
10
8
60
3
7
10
20
3
5
5
8
3
15
55
4
2
20
2
2
10
10
10
5
5
15
25
2
8
5
5
2
4
8
5
3
13
4
5
5
5
10
6
2
10
50
2
10
4
10
12
2
5
4
5
2
6
10
5
10
20
3
18
4
31
5
7
4
8
5
65
10
9
3
10
15
3
2
1
2
27
2
7
1
3
15
40
1
38
10
10
5
4
10
3
5
14
10
16
25
7
1
6
4
5
15
1
5
2
3
1
2
15
2
15
6
6
40
20
2
7
7
5
45
5
10
6
5
5
20
2
3
3
2
3
6
2
10
5
3
20
5
7
20
40
10
1
1
5
5
3
5
4
15
3
7
15
2
6
3
2
3
5
150
5
4
50
5
100
10
5
5
5
8
15
14
10
2
100
4
4
1
10
1
10
1
10
3
4
5
19
10
10
4
18
3
10
4
3
3
2
5
4
30
5
16
20
20
5
4
30
8
7
5
3
5
30
8
4
20
3
12
2
1
2
3
3
2
10
5
3
5
5
10
30
5
30
6
3
3
10
3
4
2
3
17
10
4
20
3
8
10
9
11
10
9
8
25
10
5
7
3
2
3
3
10
10
2
3
20
1
2
8
3
5
5
4
1
3
30
5
2
3
1
2
15
2
5
3
7
6
2
5
5
5
4
15
99
2
60
18
10
25
7
3
10
15
9
9
3
3
3
20
2
3
4
3
8
9
5
166
3
15
5
12
14
4
17
2
13
4
8
3
4
5
3
20
3
10
5
16
3
4
4
5
3
5
2
20
5
7
4
10
7
1
3
4
2
5
34
1
10
8
15
3
20
40
5
50
9
2
5
8
5
10
8
5
5
4
5
60
10
5
5
3
12
5
10
5
6
8
10
19
20
6
2
4
100
2
4
5
16
4
5
2
5
7
4
5
1
6
11
5
15
2
2
16
8
5
2
50
20
3
15
5
8
20
3
2
10
20
5
1
20
10
10
5
20
5
6
2
5
2
3
5
10
3
2
7
3
10
12
4
2
4
3
10
5
7
20
4
8
8
2
5
3
5
3
8
30
12
1
1
5
5
5
2
2
2
50
8
10
5
15
2
2
2
3
5
15
5
1
2
10
2
8
3
5
3
3
5
10
10
2
5
30
5
2
7
30
1
5
15
3
2
4
5
5
3
5
5
5
166
20
5
20
2
60
2
8
3
10
2
1
3
25
10
3
10
3
8
20
2
3
8
5
9
8
5
8
5
5
2
5
4
5
60
4
4
5
2
4
10
2
2
10
10
3
3
10
2
6
15
2
5
4
3
10
5
3
2
10
8
10
30
4
5
12
3
1
1
2
2
13
1
3
10
4
45
20
5
5
3
2
3
5
400
3
5
3
2
10
2
2
3
2
20
3
5
5
30
7
2
166
2
25
2
5
30
2
4
7
18
5
6
30
50
10
3
2
4
5
3
2
2
4
10
5
2
24
5
1
8
10
5
2
3
5
2
5
6
8
5
20
1
2
10
5
5
5
5
1
4
20
7
10
15
4
20
5
3
5
5
2
3
4
1
7
3
2
5
3
45
3
1
5
3
4
3
15
2
5
2
5
1
5
7
